0,410
0,409
0,408
0,407
49,52
49,51
49,50
49,49
49,48
49,47
49,46
49,45
49,44
49,43
49,42
49,41
49,40
49,39
49,38
49,37
49,36
0,406
0,405
0,404
0,403
0,402
0,401
55,5
55,4
55,3
55,2
55,1
55,0
54,3
54,2
54,1
54,0
53,3
53,2
53,1
53,0
52,5
52,4
52,3
52,2
52,1
52,0
51,3
51,2
51,1
51,0
50,3
50,2
50,1
50,0
0,400
0,399
0,398
0,386
41,5
41,4
0,278
0,9
49,35
3,1
3,3
10,171
10,233
10,283
10,113
10,135
10,181
10,19
11,6
11,26
11,2
11,3
8,17
8,4
8,8
8,15
8,5
8,13
41,6
41,3
41,2
41,1
41,0
33,3
33,2
33,1
33,0
